0 1
0.01 1.00995
0.02 1.0198
0.03 1.02955
0.04 1.03919
0.05 1.04873
0.06 1.05816
0.07 1.06749
0.08 1.07672
0.09 1.08583
0.1 1.09484
0.11 1.10373
0.12 1.11252
0.13 1.1212
0.14 1.12976
0.15 1.13821
0.16 1.14655
0.17 1.15477
0.18 1.16287
0.19 1.17086
0.2 1.17874
0.21 1.18649
0.22 1.19413
0.23 1.20164
0.24 1.20904
0.25 1.21632
0.26 1.22347
0.27 1.2305
0.28 1.23741
0.29 1.2442
0.3 1.25086
0.31 1.25739
0.32 1.2638
0.33 1.27009
0.34 1.27624
0.35 1.28227
0.36 1.28817
0.37 1.29394
0.38 1.29959
0.39 1.3051
0.4 1.31048
0.41 1.31573
0.42 1.32085
0.43 1.32584
0.44 1.33069
0.45 1.33541
0.46 1.34
0.47 1.34445
0.48 1.34877
0.49 1.35296
0.5 1.35701
0.51 1.36092
0.52 1.3647
0.53 1.36834
0.54 1.37184
0.55 1.37521
0.56 1.37844
0.57 1.38153
0.58 1.38449
0.59 1.3873
0.6 1.38998
0.61 1.39252
0.62 1.39491
0.63 1.39717
0.64 1.39929
0.65 1.40127
0.66 1.40311
0.67 1.40481
0.68 1.40637
0.69 1.40778
0.7 1.40906
0.71 1.4102
0.72 1.41119
0.73 1.41204
0.74 1.41276
0.75 1.41333
0.76 1.41376
0.77 1.41405
0.78 1.41419
0.79 1.4142
0.8 1.41406
0.81 1.41379
0.82 1.41337
0.83 1.41281
0.84 1.41211
0.85 1.41126
0.86 1.41028
0.87 1.40916
0.88 1.40789
0.89 1.40648
0.9 1.40494
0.91 1.40325
0.92 1.40142
0.93 1.39945
0.94 1.39735
0.95 1.3951
0.96 1.39271
0.97 1.39019
0.98 1.38752
0.99 1.38472
1 1.38177
1.01 1.37869
1.02 1.37547
1.03 1.37212
1.04 1.36862
1.05 1.36499
1.06 1.36123
1.07 1.35732
1.08 1.35329
1.09 1.34911
1.1 1.3448
1.11 1.34036
1.12 1.33578
1.13 1.33107
1.14 1.32623
1.15 1.32125
1.16 1.31614
1.17 1.3109
1.18 1.30553
1.19 1.30003
1.2 1.2944
1.21 1.28864
1.22 1.28275
1.23 1.27673
1.24 1.27058
1.25 1.26431
1.26 1.25791
1.27 1.25138
1.28 1.24473
1.29 1.23796
1.3 1.23106
1.31 1.22403
1.32 1.21689
1.33 1.20962
1.34 1.20224
1.35 1.19473
1.36 1.1871
1.37 1.17936
1.38 1.17149
1.39 1.16351
1.4 1.15542
1.41 1.1472
1.42 1.13888
1.43 1.13044
1.44 1.12188
1.45 1.11322
1.46 1.10444
1.47 1.09555
1.48 1.08655
1.49 1.07745
1.5 1.06823
1.51 1.05891
1.52 1.04948
1.53 1.03995
1.54 1.03032
1.55 1.02058
1.56 1.01074
1.57 1.0008
1.58 0.990754
1.59 0.980613
1.6 0.970374
1.61 0.960038
1.62 0.949606
1.63 0.939079
1.64 0.928458
1.65 0.917744
1.66 0.906939
1.67 0.896042
1.68 0.885056
1.69 0.873982
1.7 0.86282
1.71 0.851572
1.72 0.840239
1.73 0.828822
1.74 0.817322
1.75 0.80574
1.76 0.794077
1.77 0.782336
1.78 0.770516
1.79 0.758619
1.8 0.746646
1.81 0.734598
1.82 0.722477
1.83 0.710283
1.84 0.698019
1.85 0.685685
1.86 0.673282
1.87 0.660812
1.88 0.648276
1.89 0.635675
1.9 0.623011
1.91 0.610284
1.92 0.597496
1.93 0.584648
1.94 0.571742
1.95 0.558779
1.96 0.54576
1.97 0.532686
1.98 0.519559
1.99 0.50638
2 0.493151
2.01 0.479872
2.02 0.466545
2.03 0.453171
2.04 0.439752
2.05 0.42629
2.06 0.412784
2.07 0.399238
2.08 0.385651
2.09 0.372026
2.1 0.358363
2.11 0.344665
2.12 0.330932
2.13 0.317167
2.14 0.303369
2.15 0.289541
2.16 0.275684
2.17 0.2618
2.18 0.247889
2.19 0.233954
2.2 0.219995
2.21 0.206015
2.22 0.192013
2.23 0.177993
2.24 0.163954
2.25 0.1499
2.26 0.13583
2.27 0.121747
2.28 0.107651
2.29 0.0935448
2.3 0.0794292
2.31 0.0653056
2.32 0.0511756
2.33 0.0370404
2.34 0.0229015
2.35 0.00876028
2.36 -0.00538179
2.37 -0.0195233
2.38 -0.0336629
2.39 -0.0477991
2.4 -0.0619305
2.41 -0.0760558
2.42 -0.0901734
2.43 -0.104282
2.44 -0.11838
2.45 -0.132467
2.46 -0.14654
2.47 -0.160598
2.48 -0.17464
2.49 -0.188665
2.5 -0.202671
2.51 -0.216657
2.52 -0.230621
2.53 -0.244562
2.54 -0.258479
2.55 -0.27237
2.56 -0.286233
2.57 -0.300068
2.58 -0.313873
2.59 -0.327647
2.6 -0.341387
2.61 -0.355094
2.62 -0.368765
2.63 -0.382399
2.64 -0.395995
2.65 -0.409552
2.66 -0.423067
2.67 -0.43654
2.68 -0.44997
2.69 -0.463354
2.7 -0.476692
2.71 -0.489983
2.72 -0.503224
2.73 -0.516415
2.74 -0.529555
2.75 -0.542641
2.76 -0.555674
2.77 -0.56865
2.78 -0.58157
2.79 -0.594432
2.8 -0.607234
2.81 -0.619976
2.82 -0.632655
2.83 -0.645272
2.84 -0.657823
2.85 -0.670309
2.86 -0.682728
2.87 -0.695079
2.88 -0.70736
2.89 -0.71957
2.9 -0.731709
2.91 -0.743774
2.92 -0.755765
2.93 -0.76768
2.94 -0.779519
2.95 -0.79128
2.96 -0.802961
2.97 -0.814562
2.98 -0.826082
2.99 -0.837519
3 -0.848872
3.01 -0.860141
3.02 -0.871323
3.03 -0.882419
3.04 -0.893426
3.05 -0.904344
3.06 -0.915171
3.07 -0.925907
3.08 -0.93655
3.09 -0.9471
3.1 -0.957554
3.11 -0.967914
3.12 -0.978176
3.13 -0.98834
3.14 -0.998406
3.15 -1.00837
3.16 -1.01824
3.17 -1.028
3.18 -1.03766
3.19 -1.04722
3.2 -1.05667
3.21 -1.06602
3.22 -1.07525
3.23 -1.08439
3.24 -1.09341
3.25 -1.10232
3.26 -1.11113
3.27 -1.11982
3.28 -1.1284
3.29 -1.13687
3.3 -1.14523
3.31 -1.15347
3.32 -1.16159
3.33 -1.1696
3.34 -1.17749
3.35 -1.18526
3.36 -1.19292
3.37 -1.20045
3.38 -1.20787
3.39 -1.21517
3.4 -1.22234
3.41 -1.22939
3.42 -1.23632
3.43 -1.24312
3.44 -1.2498
3.45 -1.25636
3.46 -1.26279
3.47 -1.26909
3.48 -1.27527
3.49 -1.28132
3.5 -1.28724
3.51 -1.29303
3.52 -1.2987
3.53 -1.30423
3.54 -1.30963
3.55 -1.3149
3.56 -1.32004
3.57 -1.32505
3.58 -1.32993
3.59 -1.33467
3.6 -1.33928
3.61 -1.34375
3.62 -1.3481
3.63 -1.3523
3.64 -1.35637
3.65 -1.36031
3.66 -1.36411
3.67 -1.36777
3.68 -1.3713
3.69 -1.37468
3.7 -1.37794
3.71 -1.38105
3.72 -1.38403
3.73 -1.38686
3.74 -1.38956
3.75 -1.39212
3.76 -1.39454
3.77 -1.39682
3.78 -1.39896
3.79 -1.40096
3.8 -1.40283
3.81 -1.40455
3.82 -1.40613
3.83 -1.40757
3.84 -1.40887
3.85 -1.41002
3.86 -1.41104
3.87 -1.41192
3.88 -1.41265
3.89 -1.41325
3.9 -1.4137
3.91 -1.41401
3.92 -1.41418
3.93 -1.41421
3.94 -1.41409
3.95 -1.41384
3.96 -1.41344
3.97 -1.41291
3.98 -1.41223
3.99 -1.41141
4 -1.41045
4.01 -1.40934
4.02 -1.4081
4.03 -1.40672
4.04 -1.40519
4.05 -1.40353
4.06 -1.40172
4.07 -1.39978
4.08 -1.39769
4.09 -1.39547
4.1 -1.3931
4.11 -1.3906
4.12 -1.38795
4.13 -1.38517
4.14 -1.38225
4.15 -1.37919
4.16 -1.376
4.17 -1.37266
4.18 -1.36919
4.19 -1.36558
4.2 -1.36184
4.21 -1.35796
4.22 -1.35394
4.23 -1.34979
4.24 -1.3455
4.25 -1.34108
4.26 -1.33652
4.27 -1.33183
4.28 -1.32701
4.29 -1.32205
4.3 -1.31697
4.31 -1.31175
4.32 -1.3064
4.33 -1.30091
4.34 -1.2953
4.35 -1.28956
4.36 -1.28369
4.37 -1.27769
4.38 -1.27157
4.39 -1.26531
4.4 -1.25893
4.41 -1.25243
4.42 -1.2458
4.43 -1.23904
4.44 -1.23216
4.45 -1.22516
4.46 -1.21804
4.47 -1.21079
4.48 -1.20342
4.49 -1.19593
4.5 -1.18833
4.51 -1.1806
4.52 -1.17275
4.53 -1.16479
4.54 -1.15671
4.55 -1.14852
4.56 -1.14021
4.57 -1.13179
4.58 -1.12325
4.59 -1.1146
4.6 -1.10584
4.61 -1.09697
4.62 -1.08799
4.63 -1.0789
4.64 -1.06971
4.65 -1.0604
4.66 -1.05099
4.67 -1.04148
4.68 -1.03186
4.69 -1.02214
4.7 -1.01231
4.71 -1.00239
4.72 -0.99236
4.73 -0.982235
4.74 -0.972011
4.75 -0.961691
4.76 -0.951274
4.77 -0.940762
4.78 -0.930156
4.79 -0.919457
4.8 -0.908666
4.81 -0.897784
4.82 -0.886812
4.83 -0.875752
4.84 -0.864604
4.85 -0.853369
4.86 -0.84205
4.87 -0.830646
4.88 -0.819159
4.89 -0.80759
4.9 -0.79594
4.91 -0.784211
4.92 -0.772403
4.93 -0.760518
4.94 -0.748557
4.95 -0.736522
4.96 -0.724412
4.97 -0.71223
4.98 -0.699977
4.99 -0.687654
5 -0.675262
5.01 -0.662803
5.02 -0.650277
5.03 -0.637686
5.04 -0.625032
5.05 -0.612315
5.06 -0.599537
5.07 -0.586698
5.08 -0.573801
5.09 -0.560847
5.1 -0.547837
5.11 -0.534772
5.12 -0.521653
5.13 -0.508483
5.14 -0.495261
5.15 -0.48199
5.16 -0.468671
5.17 -0.455304
5.18 -0.441893
5.19 -0.428437
5.2 -0.414938
5.21 -0.401398
5.22 -0.387817
5.23 -0.374198
5.24 -0.360542
5.25 -0.346849
5.26 -0.333122
5.27 -0.319361
5.28 -0.305569
5.29 -0.291745
5.3 -0.277893
5.31 -0.264013
5.32 -0.250107
5.33 -0.236175
5.34 -0.22222
5.35 -0.208243
5.36 -0.194244
5.37 -0.180227
5.38 -0.166191
5.39 -0.152139
5.4 -0.138072
5.41 -0.12399
5.42 -0.109897
5.43 -0.0957921
5.44 -0.0816779
5.45 -0.0675555
5.46 -0.0534264
5.47 -0.0392919
5.48 -0.0251535
5.49 -0.0110126
5.5 0.00312945
5.51 0.0172712
5.52 0.0314111
5.53 0.045548
5.54 0.0596803
5.55 0.0738066
5.56 0.0879255
5.57 0.102036
5.58 0.116136
5.59 0.130224
5.6 0.144299
5.61 0.15836
5.62 0.172405
5.63 0.186433
5.64 0.200442
5.65 0.214431
5.66 0.228399
5.67 0.242344
5.68 0.256264
5.69 0.270159
5.7 0.284027
5.71 0.297867
5.72 0.311677
5.73 0.325455
5.74 0.339201
5.75 0.352913
5.76 0.36659
5.77 0.38023
5.78 0.393833
5.79 0.407395
5.8 0.420917
5.81 0.434397
5.82 0.447834
5.83 0.461226
5.84 0.474571
5.85 0.487869
5.86 0.501119
5.87 0.514318
5.88 0.527466
5.89 0.540561
5.9 0.553602
5.91 0.566587
5.92 0.579516
5.93 0.592387
5.94 0.605199
5.95 0.617951
5.96 0.63064
5.97 0.643266
5.98 0.655829
5.99 0.668325
6 0.680755
6.01 0.693116
6.02 0.705409
6.03 0.71763
6.04 0.72978
6.05 0.741857
6.06 0.75386
6.07 0.765788
6.08 0.777639
6.09 0.789412
6.1 0.801106
6.11 0.81272
6.12 0.824253
6.13 0.835703
6.14 0.84707
6.15 0.858352
6.16 0.869548
6.17 0.880658
6.18 0.891679
6.19 0.902611
6.2 0.913453
6.21 0.924203
6.22 0.934861
6.23 0.945426
6.24 0.955896
6.25 0.96627
6.26 0.976548
6.27 0.986728
6.28 0.99681
6.29 1.00679
6.3 1.01667
6.31 1.02645
6.32 1.03613
6.33 1.0457
6.34 1.05517
6.35 1.06453
6.36 1.07379
6.37 1.08294
6.38 1.09198
6.39 1.10091
6.4 1.10973
6.41 1.11844
6.42 1.12704
6.43 1.13553
6.44 1.1439
6.45 1.15216
6.46 1.1603
6.47 1.16833
6.48 1.17624
6.49 1.18403
6.5 1.19171
6.51 1.19926
6.52 1.2067
6.53 1.21401
6.54 1.2212
6.55 1.22828
6.56 1.23522
6.57 1.24205
6.58 1.24875
6.59 1.25532
6.6 1.26177
6.61 1.2681
6.62 1.27429
6.63 1.28036
6.64 1.28631
6.65 1.29212
6.66 1.2978
6.67 1.30336
6.68 1.30878
6.69 1.31407
6.7 1.31923
6.71 1.32426
6.72 1.32916
6.73 1.33392
6.74 1.33855
6.75 1.34305
6.76 1.34741
6.77 1.35164
6.78 1.35573
6.79 1.35969
6.8 1.36351
6.81 1.3672
6.82 1.37074
6.83 1.37415
6.84 1.37743
6.85 1.38056
6.86 1.38356
6.87 1.38642
6.88 1.38914
6.89 1.39172
6.9 1.39416
6.91 1.39647
6.92 1.39863
6.93 1.40066
6.94 1.40254
6.95 1.40428
6.96 1.40588
6.97 1.40735
6.98 1.40867
6.99 1.40985
7 1.41089
7.01 1.41179
7.02 1.41254
7.03 1.41316
7.04 1.41364
7.05 1.41397
7.06 1.41416
7.07 1.41421
7.08 1.41412
7.09 1.41389
7.1 1.41352
7.11 1.413
7.12 1.41234
7.13 1.41155
7.14 1.41061
7.15 1.40953
7.16 1.40831
7.17 1.40695
7.18 1.40544
7.19 1.4038
7.2 1.40202
7.21 1.4001
7.22 1.39803
7.23 1.39583
7.24 1.39349
7.25 1.39101
7.26 1.38838
7.27 1.38562
7.28 1.38273
7.29 1.37969
7.3 1.37651
7.31 1.3732
7.32 1.36975
7.33 1.36617
7.34 1.36244
7.35 1.35858
7.36 1.35459
7.37 1.35046
7.38 1.34619
7.39 1.34179
7.4 1.33726
7.41 1.33259
7.42 1.32779
7.43 1.32285
7.44 1.31778
7.45 1.31259
7.46 1.30726
7.47 1.3018
7.48 1.2962
7.49 1.29048
7.5 1.28464
7.51 1.27866
7.52 1.27255
7.53 1.26632
7.54 1.25996
7.55 1.25347
7.56 1.24686
7.57 1.24013
7.58 1.23327
7.59 1.22629
7.6 1.21918
7.61 1.21195
7.62 1.2046
7.63 1.19713
7.64 1.18955
7.65 1.18184
7.66 1.17401
7.67 1.16607
7.68 1.15801
7.69 1.14983
7.7 1.14154
7.71 1.13314
7.72 1.12462
7.73 1.11599
7.74 1.10725
7.75 1.09839
7.76 1.08943
7.77 1.08036
7.78 1.07118
7.79 1.06189
7.8 1.0525
7.81 1.043
7.82 1.0334
7.83 1.02369
7.84 1.01388
7.85 1.00397
7.86 0.993964
7.87 0.983854
7.88 0.973646
7.89 0.963341
7.9 0.952939
7.91 0.942442
7.92 0.931851
7.93 0.921167
7.94 0.91039
7.95 0.899523
7.96 0.888565
7.97 0.877519
7.98 0.866385
7.99 0.855164
8 0.843858
8.01 0.832468
8.02 0.820994
8.03 0.809438
8.04 0.797801
8.05 0.786084
8.06 0.774289
8.07 0.762416
8.08 0.750467
8.09 0.738443
8.1 0.726346
8.11 0.714175
8.12 0.701933
8.13 0.689621
8.14 0.67724
8.15 0.664791
8.16 0.652276
8.17 0.639696
8.18 0.627051
8.19 0.614344
8.2 0.601576
8.21 0.588747
8.22 0.575859
8.23 0.562914
8.24 0.549913
8.25 0.536856
8.26 0.523746
8.27 0.510584
8.28 0.49737
8.29 0.484107
8.3 0.470795
8.31 0.457436
8.32 0.444032
8.33 0.430583
8.34 0.417091
8.35 0.403557
8.36 0.389983
8.37 0.37637
8.38 0.362719
8.39 0.349032
8.4 0.33531
8.41 0.321555
8.42 0.307767
8.43 0.293949
8.44 0.280101
8.45 0.266225
8.46 0.252323
8.47 0.238395
8.48 0.224444
8.49 0.21047
8.5 0.196475
8.51 0.182461
8.52 0.168428
8.53 0.154378
8.54 0.140313
8.55 0.126234
8.56 0.112142
8.57 0.0980392
8.58 0.0839264
8.59 0.0698052
8.6 0.0556771
8.61 0.0415433
8.62 0.0274055
8.63 0.0132648
8.64 -0.000877099
8.65 -0.015019
8.66 -0.0291593
8.67 -0.0432967
8.68 -0.0574298
8.69 -0.0715572
8.7 -0.0856774
8.71 -0.0997891
8.72 -0.113891
8.73 -0.127981
8.74 -0.142058
8.75 -0.156122
8.76 -0.170169
8.77 -0.1842
8.78 -0.198212
8.79 -0.212205
8.8 -0.226176
8.81 -0.240124
8.82 -0.254049
8.83 -0.267948
8.84 -0.28182
8.85 -0.295665
8.86 -0.309479
8.87 -0.323263
8.88 -0.337014
8.89 -0.350732
8.9 -0.364414
8.91 -0.37806
8.92 -0.391669
8.93 -0.405238
8.94 -0.418767
8.95 -0.432253
8.96 -0.445697
8.97 -0.459096
8.98 -0.472449
8.99 -0.485755
9 -0.499012
9.01 -0.512219
9.02 -0.525375
9.03 -0.538479
9.04 -0.551528
9.05 -0.564523
9.06 -0.577461
9.07 -0.590341
9.08 -0.603163
9.09 -0.615924
9.1 -0.628623
9.11 -0.64126
9.12 -0.653832
9.13 -0.666339
9.14 -0.67878
9.15 -0.691152
9.16 -0.703456
9.17 -0.715689
9.18 -0.72785
9.19 -0.739939
9.2 -0.751954
9.21 -0.763893
9.22 -0.775756
9.23 -0.787542
9.24 -0.799249
9.25 -0.810876
9.26 -0.822421
9.27 -0.833885
9.28 -0.845265
9.29 -0.856561
9.3 -0.867771
9.31 -0.878894
9.32 -0.889929
9.33 -0.900876
9.34 -0.911732
9.35 -0.922497
9.36 -0.93317
9.37 -0.943749
9.38 -0.954235
9.39 -0.964624
9.4 -0.974918
9.41 -0.985113
9.42 -0.995211
9.43 -1.00521
9.44 -1.01511
9.45 -1.0249
9.46 -1.03459
9.47 -1.04418
9.48 -1.05367
9.49 -1.06305
9.5 -1.07232
9.51 -1.08149
9.52 -1.09055
9.53 -1.0995
9.54 -1.10834
9.55 -1.11706
9.56 -1.12568
9.57 -1.13419
9.58 -1.14258
9.59 -1.15085
9.6 -1.15901
9.61 -1.16706
9.62 -1.17499
9.63 -1.1828
9.64 -1.19049
9.65 -1.19807
9.66 -1.20552
9.67 -1.21286
9.68 -1.22007
9.69 -1.22716
9.7 -1.23413
9.71 -1.24097
9.72 -1.24769
9.73 -1.25429
9.74 -1.26076
9.75 -1.2671
9.76 -1.27332
9.77 -1.27941
9.78 -1.28537
9.79 -1.2912
9.8 -1.29691
9.81 -1.30248
9.82 -1.30792
9.83 -1.31324
9.84 -1.31842
9.85 -1.32347
9.86 -1.32839
9.87 -1.33317
9.88 -1.33783
9.89 -1.34234
9.9 -1.34673
9.91 -1.35098
9.92 -1.35509
9.93 -1.35907
9.94 -1.36291
9.95 -1.36662
9.96 -1.37019
9.97 -1.37362
9.98 -1.37692
9.99 -1.38007
10 -1.38309
