0.00000 1.00000
0.01000 1.01000
0.02000 1.02010
0.03000 1.03030
0.04000 1.04060
0.05000 1.05101
0.06000 1.06152
0.07000 1.07214
0.08000 1.08286
0.09000 1.09369
0.10000 1.10462
0.11000 1.11567
0.12000 1.12683
0.13000 1.13809
0.14000 1.14947
0.15000 1.16097
0.16000 1.17258
0.17000 1.18430
0.18000 1.19615
0.19000 1.20811
0.20000 1.22019
0.21000 1.23239
0.22000 1.24472
0.23000 1.25716
0.24000 1.26973
0.25000 1.28243
0.26000 1.29526
0.27000 1.30821
0.28000 1.32129
0.29000 1.33450
0.30000 1.34785
0.31000 1.36133
0.32000 1.37494
0.33000 1.38869
0.34000 1.40258
0.35000 1.41660
0.36000 1.43077
0.37000 1.44508
0.38000 1.45953
0.39000 1.47412
0.40000 1.48886
0.41000 1.50375
0.42000 1.51879
0.43000 1.53398
0.44000 1.54932
0.45000 1.56481
0.46000 1.58046
0.47000 1.59626
0.48000 1.61223
0.49000 1.62835
0.50000 1.64463
0.51000 1.66108
0.52000 1.67769
0.53000 1.69447
0.54000 1.71141
0.55000 1.72852
0.56000 1.74581
0.57000 1.76327
0.58000 1.78090
0.59000 1.79871
0.60000 1.81670
0.61000 1.83486
0.62000 1.85321
0.63000 1.87174
0.64000 1.89046
0.65000 1.90937
0.66000 1.92846
0.67000 1.94774
0.68000 1.96722
0.69000 1.98689
0.70000 2.00676
0.71000 2.02683
0.72000 2.04710
0.73000 2.06757
0.74000 2.08825
0.75000 2.10913
0.76000 2.13022
0.77000 2.15152
0.78000 2.17304
0.79000 2.19477
0.80000 2.21672
0.81000 2.23888
0.82000 2.26127
0.83000 2.28388
0.84000 2.30672
0.85000 2.32979
0.86000 2.35309
0.87000 2.37662
0.88000 2.40038
0.89000 2.42439
0.90000 2.44863
0.91000 2.47312
0.92000 2.49785
0.93000 2.52283
0.94000 2.54806
0.95000 2.57354
0.96000 2.59927
0.97000 2.62527
0.98000 2.65152
0.99000 2.67803
1.00000 2.70481
1.01000 2.73186
1.02000 2.75918
1.03000 2.78677
1.04000 2.81464
1.05000 2.84279
1.06000 2.87121
1.07000 2.89993
1.08000 2.92893
1.09000 2.95822
1.10000 2.98780
1.11000 3.01768
1.12000 3.04785
1.13000 3.07833
1.14000 3.10911
1.15000 3.14020
1.16000 3.17161
1.17000 3.20332
1.18000 3.23536
1.19000 3.26771
1.20000 3.30039
1.21000 3.33339
1.22000 3.36672
1.23000 3.40039
1.24000 3.43440
1.25000 3.46874
1.26000 3.50343
1.27000 3.53846
1.28000 3.57385
1.29000 3.60958
1.30000 3.64568
1.31000 3.68214
1.32000 3.71896
1.33000 3.75615
1.34000 3.79371
1.35000 3.83165
1.36000 3.86996
1.37000 3.90866
1.38000 3.94775
1.39000 3.98723
1.40000 4.02710
1.41000 4.06737
1.42000 4.10804
1.43000 4.14912
1.44000 4.19062
1.45000 4.23252
1.46000 4.27485
1.47000 4.31760
1.48000 4.36077
1.49000 4.40438
1.50000 4.44842
1.51000 4.49291
1.52000 4.53784
1.53000 4.58321
1.54000 4.62905
1.55000 4.67534
1.56000 4.72209
1.57000 4.76931
1.58000 4.81700
1.59000 4.86517
1.60000 4.91383
1.61000 4.96296
1.62000 5.01259
1.63000 5.06272
1.64000 5.11335
1.65000 5.16448
1.66000 5.21613
1.67000 5.26829
1.68000 5.32097
1.69000 5.37418
1.70000 5.42792
1.71000 5.48220
1.72000 5.53702
1.73000 5.59239
1.74000 5.64832
1.75000 5.70480
1.76000 5.76185
1.77000 5.81947
1.78000 5.87766
1.79000 5.93644
1.80000 5.99580
1.81000 6.05576
1.82000 6.11632
1.83000 6.17748
1.84000 6.23926
1.85000 6.30165
1.86000 6.36466
1.87000 6.42831
1.88000 6.49259
1.89000 6.55752
1.90000 6.62310
1.91000 6.68933
1.92000 6.75622
1.93000 6.82378
1.94000 6.89202
1.95000 6.96094
1.96000 7.03055
1.97000 7.10085
1.98000 7.17186
1.99000 7.24358
2.00000 7.31602
2.01000 7.38918
2.02000 7.46307
2.03000 7.53770
2.04000 7.61308
2.05000 7.68921
2.06000 7.76610
2.07000 7.84376
2.08000 7.92220
2.09000 8.00142
2.10000 8.08144
2.11000 8.16225
2.12000 8.24387
2.13000 8.32631
2.14000 8.40957
2.15000 8.49367
2.16000 8.57861
2.17000 8.66439
2.18000 8.75104
2.19000 8.83855
2.20000 8.92693
2.21000 9.01620
2.22000 9.10636
2.23000 9.19743
2.24000 9.28940
2.25000 9.38230
2.26000 9.47612
2.27000 9.57088
2.28000 9.66659
2.29000 9.76325
2.30000 9.86089
2.31000 9.95950
2.32000 10.05909
2.33000 10.15968
2.34000 10.26128
2.35000 10.36389
2.36000 10.46753
2.37000 10.57221
2.38000 10.67793
2.39000 10.78471
2.40000 10.89255
2.41000 11.00148
2.42000 11.11149
2.43000 11.22261
2.44000 11.33484
2.45000 11.44818
2.46000 11.56267
2.47000 11.67829
2.48000 11.79507
2.49000 11.91303
2.50000 12.03216
2.51000 12.15248
2.52000 12.27400
2.53000 12.39674
2.54000 12.52071
2.55000 12.64592
2.56000 12.77238
2.57000 12.90010
2.58000 13.02910
2.59000 13.15939
2.60000 13.29099
2.61000 13.42390
2.62000 13.55813
2.63000 13.69372
2.64000 13.83065
2.65000 13.96896
2.66000 14.10865
2.67000 14.24974
2.68000 14.39223
2.69000 14.53616
2.70000 14.68152
2.71000 14.82833
2.72000 14.97662
2.73000 15.12638
2.74000 15.27765
2.75000 15.43042
2.76000 15.58473
2.77000 15.74057
2.78000 15.89798
2.79000 16.05696
2.80000 16.21753
2.81000 16.37970
2.82000 16.54350
2.83000 16.70894
2.84000 16.87602
2.85000 17.04479
2.86000 17.21523
2.87000 17.38739
2.88000 17.56126
2.89000 17.73687
2.90000 17.91424
2.91000 18.09338
2.92000 18.27432
2.93000 18.45706
2.94000 18.64163
2.95000 18.82805
2.96000 19.01633
2.97000 19.20649
2.98000 19.39856
2.99000 19.59254
3.00000 19.78847
3.01000 19.98635
3.02000 20.18621
3.03000 20.38808
3.04000 20.59196
3.05000 20.79788
3.06000 21.00586
3.07000 21.21591
3.08000 21.42807
3.09000 21.64235
3.10000 21.85878
3.11000 22.07737
3.12000 22.29814
3.13000 22.52112
3.14000 22.74633
3.15000 22.97380
3.16000 23.20353
3.17000 23.43557
3.18000 23.66992
3.19000 23.90662
3.20000 24.14569
3.21000 24.38715
3.22000 24.63102
3.23000 24.87733
3.24000 25.12610
3.25000 25.37736
3.26000 25.63114
3.27000 25.88745
3.28000 26.14632
3.29000 26.40778
3.30000 26.67186
3.31000 26.93858
3.32000 27.20797
3.33000 27.48005
3.34000 27.75485
3.35000 28.03240
3.36000 28.31272
3.37000 28.59585
3.38000 28.88181
3.39000 29.17062
3.40000 29.46233
3.41000 29.75695
3.42000 30.05452
3.43000 30.35507
3.44000 30.65862
3.45000 30.96520
3.46000 31.27486
3.47000 31.58761
3.48000 31.90348
3.49000 32.22252
3.50000 32.54474
3.51000 32.87019
3.52000 33.19889
3.53000 33.53088
3.54000 33.86619
3.55000 34.20485
3.56000 34.54690
3.57000 34.89237
3.58000 35.24129
3.59000 35.59370
3.60000 35.94964
3.61000 36.30914
3.62000 36.67223
3.63000 37.03895
3.64000 37.40934
3.65000 37.78343
3.66000 38.16127
3.67000 38.54288
3.68000 38.92831
3.69000 39.31759
3.70000 39.71077
3.71000 40.10788
3.72000 40.50896
3.73000 40.91405
3.74000 41.32319
3.75000 41.73642
3.76000 42.15378
3.77000 42.57532
3.78000 43.00107
3.79000 43.43108
3.80000 43.86539
3.81000 44.30405
3.82000 44.74709
3.83000 45.19456
3.84000 45.64651
3.85000 46.10297
3.86000 46.56400
3.87000 47.02964
3.88000 47.49994
3.89000 47.97494
3.90000 48.45469
3.91000 48.93923
3.92000 49.42862
3.93000 49.92291
3.94000 50.42214
3.95000 50.92636
3.96000 51.43562
3.97000 51.94998
3.98000 52.46948
3.99000 52.99418
4.00000 53.52412
4.01000 54.05936
4.02000 54.59995
4.03000 55.14595
4.04000 55.69741
4.05000 56.25439
4.06000 56.81693
4.07000 57.38510
4.08000 57.95895
4.09000 58.53854
4.10000 59.12392
4.11000 59.71516
4.12000 60.31231
4.13000 60.91544
4.14000 61.52459
4.15000 62.13984
4.16000 62.76124
4.17000 63.38885
4.18000 64.02274
4.19000 64.66297
4.20000 65.30959
4.21000 65.96269
4.22000 66.62232
4.23000 67.28854
4.24000 67.96143
4.25000 68.64104
4.26000 69.32745
4.27000 70.02073
4.28000 70.72093
4.29000 71.42814
4.30000 72.14242
4.31000 72.86385
4.32000 73.59249
4.33000 74.32841
4.34000 75.07170
4.35000 75.82241
4.36000 76.58064
4.37000 77.34644
4.38000 78.11991
4.39000 78.90111
4.40000 79.69012
4.41000 80.48702
4.42000 81.29189
4.43000 82.10481
4.44000 82.92586
4.45000 83.75511
4.46000 84.59266
4.47000 85.43859
4.48000 86.29298
4.49000 87.15591
4.50000 88.02747
4.51000 88.90774
4.52000 89.79682
4.53000 90.69479
4.54000 91.60173
4.55000 92.51775
4.56000 93.44293
4.57000 94.37736
4.58000 95.32113
4.59000 96.27434
4.60000 97.23709
4.61000 98.20946
4.62000 99.19155
4.63000 100.18347
4.64000 101.18530
4.65000 102.19716
4.66000 103.21913
4.67000 104.25132
4.68000 105.29383
4.69000 106.34677
4.70000 107.41024
4.71000 108.48434
4.72000 109.56918
4.73000 110.66488
4.74000 111.77152
4.75000 112.88924
4.76000 114.01813
4.77000 115.15831
4.78000 116.30990
4.79000 117.47300
4.80000 118.64773
4.81000 119.83420
4.82000 121.03254
4.83000 122.24287
4.84000 123.46530
4.85000 124.69995
4.86000 125.94695
4.87000 127.20642
4.88000 128.47848
4.89000 129.76327
4.90000 131.06090
4.91000 132.37151
4.92000 133.69523
4.93000 135.03218
4.94000 136.38250
4.95000 137.74633
4.96000 139.12379
4.97000 140.51503
4.98000 141.92018
4.99000 143.33938
5.00000 144.77277
5.01000 146.22050
5.02000 147.68271
5.03000 149.15953
5.04000 150.65113
5.05000 152.15764
5.06000 153.67922
5.07000 155.21601
5.08000 156.76817
5.09000 158.33585
5.10000 159.91921
5.11000 161.51840
5.12000 163.13358
5.13000 164.76492
5.14000 166.41257
5.15000 168.07669
5.16000 169.75746
5.17000 171.45504
5.18000 173.16959
5.19000 174.90128
5.20000 176.65029
5.21000 178.41680
5.22000 180.20097
5.23000 182.00298
5.24000 183.82301
5.25000 185.66124
5.26000 187.51785
5.27000 189.39303
5.28000 191.28696
5.29000 193.19983
5.30000 195.13182
5.31000 197.08314
5.32000 199.05397
5.33000 201.04451
5.34000 203.05496
5.35000 205.08551
5.36000 207.13636
5.37000 209.20773
5.38000 211.29980
5.39000 213.41280
5.40000 215.54693
5.41000 217.70240
5.42000 219.87942
5.43000 222.07822
5.44000 224.29900
5.45000 226.54199
5.46000 228.80741
5.47000 231.09548
5.48000 233.40644
5.49000 235.74050
5.50000 238.09791
5.51000 240.47889
5.52000 242.88368
5.53000 245.31251
5.54000 247.76564
5.55000 250.24329
5.56000 252.74573
5.57000 255.27318
5.58000 257.82592
5.59000 260.40418
5.60000 263.00822
5.61000 265.63830
5.62000 268.29468
5.63000 270.97763
5.64000 273.68741
5.65000 276.42428
5.66000 279.18852
5.67000 281.98041
5.68000 284.80021
5.69000 287.64821
5.70000 290.52470
5.71000 293.42994
5.72000 296.36424
5.73000 299.32789
5.74000 302.32116
5.75000 305.34438
5.76000 308.39782
5.77000 311.48180
5.78000 314.59662
5.79000 317.74258
5.80000 320.92001
5.81000 324.12921
5.82000 327.37050
5.83000 330.64420
5.84000 333.95065
5.85000 337.29015
5.86000 340.66305
5.87000 344.06969
5.88000 347.51038
5.89000 350.98549
5.90000 354.49534
5.91000 358.04029
5.92000 361.62070
5.93000 365.23690
5.94000 368.88927
5.95000 372.57817
5.96000 376.30395
5.97000 380.06699
5.98000 383.86766
5.99000 387.70633
6.00000 391.58340
6.01000 395.49923
6.02000 399.45422
6.03000 403.44877
6.04000 407.48325
6.05000 411.55809
6.06000 415.67367
6.07000 419.83040
6.08000 424.02871
6.09000 428.26899
6.10000 432.55168
6.11000 436.87720
6.12000 441.24597
6.13000 445.65843
6.14000 450.11502
6.15000 454.61617
6.16000 459.16233
6.17000 463.75395
6.18000 468.39149
6.19000 473.07541
6.20000 477.80616
6.21000 482.58422
6.22000 487.41006
6.23000 492.28417
6.24000 497.20701
6.25000 502.17908
6.26000 507.20087
6.27000 512.27288
6.28000 517.39561
6.29000 522.56956
6.30000 527.79526
6.31000 533.07321
6.32000 538.40394
6.33000 543.78798
6.34000 549.22586
6.35000 554.71812
6.36000 560.26530
6.37000 565.86795
6.38000 571.52663
6.39000 577.24190
6.40000 583.01432
6.41000 588.84446
6.42000 594.73291
6.43000 600.68024
6.44000 606.68704
6.45000 612.75391
6.46000 618.88145
6.47000 625.07026
6.48000 631.32096
6.49000 637.63417
6.50000 644.01052
6.51000 650.45062
6.52000 656.95513
6.53000 663.52468
6.54000 670.15993
6.55000 676.86152
6.56000 683.63014
6.57000 690.46644
6.58000 697.37111
6.59000 704.34482
6.60000 711.38826
6.61000 718.50215
6.62000 725.68717
6.63000 732.94404
6.64000 740.27348
6.65000 747.67622
6.66000 755.15298
6.67000 762.70451
6.68000 770.33155
6.69000 778.03487
6.70000 785.81522
6.71000 793.67337
6.72000 801.61010
6.73000 809.62620
6.74000 817.72247
6.75000 825.89969
6.76000 834.15869
6.77000 842.50027
6.78000 850.92528
6.79000 859.43453
6.80000 868.02887
6.81000 876.70916
6.82000 885.47626
6.83000 894.33102
6.84000 903.27433
6.85000 912.30707
6.86000 921.43014
6.87000 930.64444
6.88000 939.95089
6.89000 949.35040
6.90000 958.84390
6.91000 968.43234
6.92000 978.11666
6.93000 987.89783
6.94000 997.77681
6.95000 1007.75458
6.96000 1017.83212
6.97000 1028.01044
6.98000 1038.29055
6.99000 1048.67345
7.00000 1059.16019
7.01000 1069.75179
7.02000 1080.44931
7.03000 1091.25380
7.04000 1102.16634
7.05000 1113.18800
7.06000 1124.31988
7.07000 1135.56308
7.08000 1146.91871
7.09000 1158.38790
7.10000 1169.97178
7.11000 1181.67150
7.12000 1193.48821
7.13000 1205.42309
7.14000 1217.47732
7.15000 1229.65210
7.16000 1241.94862
7.17000 1254.36810
7.18000 1266.91178
7.19000 1279.58090
7.20000 1292.37671
7.21000 1305.30048
7.22000 1318.35348
7.23000 1331.53702
7.24000 1344.85239
7.25000 1358.30091
7.26000 1371.88392
7.27000 1385.60276
7.28000 1399.45879
7.29000 1413.45338
7.30000 1427.58791
7.31000 1441.86379
7.32000 1456.28243
7.33000 1470.84525
7.34000 1485.55370
7.35000 1500.40924
7.36000 1515.41333
7.37000 1530.56747
7.38000 1545.87314
7.39000 1561.33187
7.40000 1576.94519
7.41000 1592.71464
7.42000 1608.64179
7.43000 1624.72821
7.44000 1640.97549
7.45000 1657.38524
7.46000 1673.95910
7.47000 1690.69869
7.48000 1707.60567
7.49000 1724.68173
7.50000 1741.92855
7.51000 1759.34783
7.52000 1776.94131
7.53000 1794.71073
7.54000 1812.65783
7.55000 1830.78441
7.56000 1849.09226
7.57000 1867.58318
7.58000 1886.25901
7.59000 1905.12160
7.60000 1924.17282
7.61000 1943.41454
7.62000 1962.84869
7.63000 1982.47718
7.64000 2002.30195
7.65000 2022.32497
7.66000 2042.54822
7.67000 2062.97370
7.68000 2083.60344
7.69000 2104.43947
7.70000 2125.48387
7.71000 2146.73870
7.72000 2168.20609
7.73000 2189.88815
7.74000 2211.78703
7.75000 2233.90490
7.76000 2256.24395
7.77000 2278.80639
7.78000 2301.59446
7.79000 2324.61040
7.80000 2347.85651
7.81000 2371.33507
7.82000 2395.04842
7.83000 2418.99891
7.84000 2443.18889
7.85000 2467.62078
7.86000 2492.29699
7.87000 2517.21996
7.88000 2542.39216
7.89000 2567.81608
7.90000 2593.49424
7.91000 2619.42919
7.92000 2645.62348
7.93000 2672.07971
7.94000 2698.80051
7.95000 2725.78851
7.96000 2753.04640
7.97000 2780.57686
7.98000 2808.38263
7.99000 2836.46646
8.00000 2864.83112
8.01000 2893.47943
8.02000 2922.41423
8.03000 2951.63837
8.04000 2981.15475
8.05000 3010.96630
8.06000 3041.07597
8.07000 3071.48672
8.08000 3102.20159
8.09000 3133.22361
8.10000 3164.55584
8.11000 3196.20140
8.12000 3228.16342
8.13000 3260.44505
8.14000 3293.04950
8.15000 3325.98000
8.16000 3359.23980
8.17000 3392.83219
8.18000 3426.76052
8.19000 3461.02812
8.20000 3495.63840
8.21000 3530.59479
8.22000 3565.90073
8.23000 3601.55974
8.24000 3637.57534
8.25000 3673.95109
8.26000 3710.69060
8.27000 3747.79751
8.28000 3785.27548
8.29000 3823.12824
8.30000 3861.35952
8.31000 3899.97312
8.32000 3938.97285
8.33000 3978.36258
8.34000 4018.14620
8.35000 4058.32766
8.36000 4098.91094
8.37000 4139.90005
8.38000 4181.29905
8.39000 4223.11204
8.40000 4265.34316
8.41000 4307.99659
8.42000 4351.07656
8.43000 4394.58732
8.44000 4438.53320
8.45000 4482.91853
8.46000 4527.74772
8.47000 4573.02519
8.48000 4618.75544
8.49000 4664.94300
8.50000 4711.59243
8.51000 4758.70835
8.52000 4806.29544
8.53000 4854.35839
8.54000 4902.90198
8.55000 4951.93099
8.56000 5001.45030
8.57000 5051.46481
8.58000 5101.97946
8.59000 5152.99925
8.60000 5204.52924
8.61000 5256.57454
8.62000 5309.14028
8.63000 5362.23168
8.64000 5415.85400
8.65000 5470.01254
8.66000 5524.71267
8.67000 5579.95979
8.68000 5635.75939
8.69000 5692.11698
8.70000 5749.03815
8.71000 5806.52854
8.72000 5864.59382
8.73000 5923.23976
8.74000 5982.47216
8.75000 6042.29688
8.76000 6102.71985
8.77000 6163.74705
8.78000 6225.38452
8.79000 6287.63836
8.80000 6350.51474
8.81000 6414.01989
8.82000 6478.16009
8.83000 6542.94169
8.84000 6608.37111
8.85000 6674.45482
8.86000 6741.19937
8.87000 6808.61136
8.88000 6876.69748
8.89000 6945.46445
8.90000 7014.91909
8.91000 7085.06829
8.92000 7155.91897
8.93000 7227.47816
8.94000 7299.75294
8.95000 7372.75047
8.96000 7446.47797
8.97000 7520.94275
8.98000 7596.15218
8.99000 7672.11370
9.00000 7748.83484
9.01000 7826.32319
9.02000 7904.58642
9.03000 7983.63228
9.04000 8063.46861
9.05000 8144.10329
9.06000 8225.54433
9.07000 8307.79977
9.08000 8390.87777
9.09000 8474.78655
9.10000 8559.53441
9.11000 8645.12975
9.12000 8731.58105
9.13000 8818.89686
9.14000 8907.08583
9.15000 8996.15669
9.16000 9086.11826
9.17000 9176.97944
9.18000 9268.74923
9.19000 9361.43673
9.20000 9455.05109
9.21000 9549.60160
9.22000 9645.09762
9.23000 9741.54860
9.24000 9838.96408
9.25000 9937.35372
9.26000 10036.72726
9.27000 10137.09453
9.28000 10238.46548
9.29000 10340.85013
9.30000 10444.25863
9.31000 10548.70122
9.32000 10654.18823
9.33000 10760.73012
9.34000 10868.33742
9.35000 10977.02079
9.36000 11086.79100
9.37000 11197.65891
9.38000 11309.63550
9.39000 11422.73185
9.40000 11536.95917
9.41000 11652.32876
9.42000 11768.85205
9.43000 11886.54057
9.44000 12005.40598
9.45000 12125.46004
9.46000 12246.71464
9.47000 12369.18178
9.48000 12492.87360
9.49000 12617.80234
9.50000 12743.98036
9.51000 12871.42016
9.52000 13000.13437
9.53000 13130.13571
9.54000 13261.43707
9.55000 13394.05144
9.56000 13527.99195
9.57000 13663.27187
9.58000 13799.90459
9.59000 13937.90364
9.60000 14077.28267
9.61000 14218.05550
9.62000 14360.23605
9.63000 14503.83841
9.64000 14648.87680
9.65000 14795.36557
9.66000 14943.31922
9.67000 15092.75241
9.68000 15243.67994
9.69000 15396.11674
9.70000 15550.07791
9.71000 15705.57868
9.72000 15862.63447
9.73000 16021.26082
9.74000 16181.47342
9.75000 16343.28816
9.76000 16506.72104
9.77000 16671.78825
9.78000 16838.50613
9.79000 17006.89119
9.80000 17176.96011
9.81000 17348.72971
9.82000 17522.21700
9.83000 17697.43917
9.84000 17874.41357
9.85000 18053.15770
9.86000 18233.68928
9.87000 18416.02617
9.88000 18600.18643
9.89000 18786.18830
9.90000 18974.05018
9.91000 19163.79068
9.92000 19355.42859
9.93000 19548.98287
9.94000 19744.47270
9.95000 19941.91743
9.96000 20141.33660
9.97000 20342.74997
9.98000 20546.17747
9.99000 20751.63925
