0.00000 1.00000
0.01000 1.01000
0.02000 1.02020
0.03000 1.03060
0.04000 1.04121
0.05000 1.05202
0.06000 1.06304
0.07000 1.07427
0.08000 1.08571
0.09000 1.09737
0.10000 1.10924
0.11000 1.12134
0.12000 1.13365
0.13000 1.14619
0.14000 1.15895
0.15000 1.17194
0.16000 1.18516
0.17000 1.19861
0.18000 1.21229
0.19000 1.22622
0.20000 1.24038
0.21000 1.25478
0.22000 1.26943
0.23000 1.28433
0.24000 1.29947
0.25000 1.31486
0.26000 1.33051
0.27000 1.34642
0.28000 1.36258
0.29000 1.37901
0.30000 1.39570
0.31000 1.41265
0.32000 1.42988
0.33000 1.44738
0.34000 1.46515
0.35000 1.48321
0.36000 1.50154
0.37000 1.52015
0.38000 1.53905
0.39000 1.55825
0.40000 1.57773
0.41000 1.59750
0.42000 1.61758
0.43000 1.63796
0.44000 1.65864
0.45000 1.67962
0.46000 1.70092
0.47000 1.72253
0.48000 1.74445
0.49000 1.76670
0.50000 1.78926
0.51000 1.81216
0.52000 1.83538
0.53000 1.85893
0.54000 1.88282
0.55000 1.90705
0.56000 1.93162
0.57000 1.95654
0.58000 1.98180
0.59000 2.00742
0.60000 2.03339
0.61000 2.05973
0.62000 2.08642
0.63000 2.11349
0.64000 2.14092
0.65000 2.16873
0.66000 2.19692
0.67000 2.22549
0.68000 2.25444
0.69000 2.28379
0.70000 2.31353
0.71000 2.34366
0.72000 2.37420
0.73000 2.40514
0.74000 2.43649
0.75000 2.46826
0.76000 2.50044
0.77000 2.53304
0.78000 2.56607
0.79000 2.59954
0.80000 2.63343
0.81000 2.66776
0.82000 2.70254
0.83000 2.73777
0.84000 2.77345
0.85000 2.80958
0.86000 2.84618
0.87000 2.88324
0.88000 2.92077
0.89000 2.95878
0.90000 2.99727
0.91000 3.03624
0.92000 3.07570
0.93000 3.11566
0.94000 3.15611
0.95000 3.19708
0.96000 3.23855
0.97000 3.28053
0.98000 3.32304
0.99000 3.36607
1.00000 3.40963
1.01000 3.45372
1.02000 3.49836
1.03000 3.54354
1.04000 3.58928
1.05000 3.63557
1.06000 3.68243
1.07000 3.72985
1.08000 3.77785
1.09000 3.82643
1.10000 3.87559
1.11000 3.92535
1.12000 3.97570
1.13000 4.02666
1.14000 4.07823
1.15000 4.13041
1.16000 4.18321
1.17000 4.23665
1.18000 4.29071
1.19000 4.34542
1.20000 4.40077
1.21000 4.45678
1.22000 4.51345
1.23000 4.57078
1.24000 4.62879
1.25000 4.68748
1.26000 4.74685
1.27000 4.80692
1.28000 4.86769
1.29000 4.92917
1.30000 4.99136
1.31000 5.05427
1.32000 5.11792
1.33000 5.18230
1.34000 5.24742
1.35000 5.31329
1.36000 5.37993
1.37000 5.44733
1.38000 5.51550
1.39000 5.58445
1.40000 5.65420
1.41000 5.72474
1.42000 5.79609
1.43000 5.86825
1.44000 5.94123
1.45000 6.01504
1.46000 6.08969
1.47000 6.16519
1.48000 6.24154
1.49000 6.31876
1.50000 6.39685
1.51000 6.47581
1.52000 6.55567
1.53000 6.63643
1.54000 6.71809
1.55000 6.80067
1.56000 6.88418
1.57000 6.96862
1.58000 7.05401
1.59000 7.14035
1.60000 7.22765
1.61000 7.31593
1.62000 7.40519
1.63000 7.49544
1.64000 7.58669
1.65000 7.67896
1.66000 7.77225
1.67000 7.86657
1.68000 7.96194
1.69000 8.05836
1.70000 8.15584
1.71000 8.25440
1.72000 8.35405
1.73000 8.45479
1.74000 8.55663
1.75000 8.65960
1.76000 8.76370
1.77000 8.86893
1.78000 8.97532
1.79000 9.08288
1.80000 9.19160
1.81000 9.30152
1.82000 9.41264
1.83000 9.52496
1.84000 9.63851
1.85000 9.75330
1.86000 9.86933
1.87000 9.98662
1.88000 10.10519
1.89000 10.22504
1.90000 10.34619
1.91000 10.46865
1.92000 10.59244
1.93000 10.71756
1.94000 10.84404
1.95000 10.97188
1.96000 11.10110
1.97000 11.23171
1.98000 11.36373
1.99000 11.49716
2.00000 11.63204
2.01000 11.76836
2.02000 11.90614
2.03000 12.04540
2.04000 12.18616
2.05000 12.32842
2.06000 12.47220
2.07000 12.61752
2.08000 12.76440
2.09000 12.91284
2.10000 13.06287
2.11000 13.21450
2.12000 13.36774
2.13000 13.52262
2.14000 13.67915
2.15000 13.83734
2.16000 13.99721
2.17000 14.15878
2.18000 14.32207
2.19000 14.48709
2.20000 14.65386
2.21000 14.82240
2.22000 14.99273
2.23000 15.16485
2.24000 15.33880
2.25000 15.51459
2.26000 15.69224
2.27000 15.87176
2.28000 16.05318
2.29000 16.23651
2.30000 16.42177
2.31000 16.60899
2.32000 16.79818
2.33000 16.98936
2.34000 17.18256
2.35000 17.37778
2.36000 17.57506
2.37000 17.77441
2.38000 17.97585
2.39000 18.17941
2.40000 18.38511
2.41000 18.59296
2.42000 18.80299
2.43000 19.01522
2.44000 19.22967
2.45000 19.44637
2.46000 19.66533
2.47000 19.88658
2.48000 20.11015
2.49000 20.33605
2.50000 20.56431
2.51000 20.79495
2.52000 21.02800
2.53000 21.26348
2.54000 21.50142
2.55000 21.74183
2.56000 21.98475
2.57000 22.23020
2.58000 22.47820
2.59000 22.72878
2.60000 22.98197
2.61000 23.23779
2.62000 23.49627
2.63000 23.75743
2.64000 24.02131
2.65000 24.28792
2.66000 24.55730
2.67000 24.82947
2.68000 25.10447
2.69000 25.38231
2.70000 25.66303
2.71000 25.94666
2.72000 26.23323
2.73000 26.52276
2.74000 26.81529
2.75000 27.11084
2.76000 27.40945
2.77000 27.71115
2.78000 28.01596
2.79000 28.32392
2.80000 28.63506
2.81000 28.94941
2.82000 29.26700
2.83000 29.58787
2.84000 29.91205
2.85000 30.23957
2.86000 30.57047
2.87000 30.90477
2.88000 31.24252
2.89000 31.58374
2.90000 31.92848
2.91000 32.27677
2.92000 32.62863
2.93000 32.98412
2.94000 33.34326
2.95000 33.70609
2.96000 34.07265
2.97000 34.44298
2.98000 34.81711
2.99000 35.19508
3.00000 35.57693
3.01000 35.96270
3.02000 36.35243
3.03000 36.74615
3.04000 37.14391
3.05000 37.54575
3.06000 37.95171
3.07000 38.36183
3.08000 38.77615
3.09000 39.19471
3.10000 39.61756
3.11000 40.04473
3.12000 40.47628
3.13000 40.91224
3.14000 41.35266
3.15000 41.79759
3.16000 42.24707
3.17000 42.70114
3.18000 43.15985
3.19000 43.62325
3.20000 44.09138
3.21000 44.56429
3.22000 45.04204
3.23000 45.52466
3.24000 46.01220
3.25000 46.50472
3.26000 47.00227
3.27000 47.50489
3.28000 48.01264
3.29000 48.52557
3.30000 49.04373
3.31000 49.56716
3.32000 50.09593
3.33000 50.63009
3.34000 51.16969
3.35000 51.71479
3.36000 52.26544
3.37000 52.82169
3.38000 53.38361
3.39000 53.95125
3.40000 54.52466
3.41000 55.10391
3.42000 55.68905
3.43000 56.28014
3.44000 56.87724
3.45000 57.48041
3.46000 58.08971
3.47000 58.70521
3.48000 59.32696
3.49000 59.95503
3.50000 60.58948
3.51000 61.23038
3.52000 61.87778
3.53000 62.53176
3.54000 63.19238
3.55000 63.85970
3.56000 64.53380
3.57000 65.21474
3.58000 65.90258
3.59000 66.59741
3.60000 67.29928
3.61000 68.00828
3.62000 68.72446
3.63000 69.44790
3.64000 70.17868
3.65000 70.91687
3.66000 71.66254
3.67000 72.41576
3.68000 73.17662
3.69000 73.94519
3.70000 74.72154
3.71000 75.50575
3.72000 76.29791
3.73000 77.09809
3.74000 77.90637
3.75000 78.72284
3.76000 79.54756
3.77000 80.38064
3.78000 81.22215
3.79000 82.07217
3.80000 82.93079
3.81000 83.79810
3.82000 84.67418
3.83000 85.55912
3.84000 86.45301
3.85000 87.35594
3.86000 88.26800
3.87000 89.18928
3.88000 90.11987
3.89000 91.05987
3.90000 92.00937
3.91000 92.96846
3.92000 93.93725
3.93000 94.91582
3.94000 95.90428
3.95000 96.90272
3.96000 97.91125
3.97000 98.92996
3.98000 99.95896
3.99000 100.99835
4.00000 102.04823
4.01000 103.10872
4.02000 104.17990
4.03000 105.26190
4.04000 106.35482
4.05000 107.45877
4.06000 108.57386
4.07000 109.70020
4.08000 110.83790
4.09000 111.98708
4.10000 113.14785
4.11000 114.32033
4.12000 115.50463
4.13000 116.70088
4.14000 117.90919
4.15000 119.12968
4.16000 120.36247
4.17000 121.60770
4.18000 122.86548
4.19000 124.13593
4.20000 125.41919
4.21000 126.71538
4.22000 128.02464
4.23000 129.34708
4.24000 130.68285
4.25000 132.03208
4.26000 133.39490
4.27000 134.77145
4.28000 136.16187
4.29000 137.56628
4.30000 138.98485
4.31000 140.41770
4.32000 141.86497
4.33000 143.32682
4.34000 144.80339
4.35000 146.29482
4.36000 147.80127
4.37000 149.32288
4.38000 150.85981
4.39000 152.41221
4.40000 153.98023
4.41000 155.56404
4.42000 157.16378
4.43000 158.77961
4.44000 160.41171
4.45000 162.06023
4.46000 163.72533
4.47000 165.40718
4.48000 167.10596
4.49000 168.82181
4.50000 170.55493
4.51000 172.30548
4.52000 174.07364
4.53000 175.85957
4.54000 177.66347
4.55000 179.48550
4.56000 181.32586
4.57000 183.18472
4.58000 185.06226
4.59000 186.95869
4.60000 188.87417
4.61000 190.80892
4.62000 192.76310
4.63000 194.73694
4.64000 196.73061
4.65000 198.74431
4.66000 200.77825
4.67000 202.83264
4.68000 204.90766
4.69000 207.00354
4.70000 209.12048
4.71000 211.25868
4.72000 213.41837
4.73000 215.59975
4.74000 217.80305
4.75000 220.02848
4.76000 222.27626
4.77000 224.54663
4.78000 226.83979
4.79000 229.15599
4.80000 231.49545
4.81000 233.85840
4.82000 236.24509
4.83000 238.65574
4.84000 241.09060
4.85000 243.54990
4.86000 246.03390
4.87000 248.54284
4.88000 251.07697
4.89000 253.63654
4.90000 256.22180
4.91000 258.83302
4.92000 261.47045
4.93000 264.13436
4.94000 266.82500
4.95000 269.54265
4.96000 272.28758
4.97000 275.06005
4.98000 277.86035
4.99000 280.68876
5.00000 283.54554
5.01000 286.43100
5.02000 289.34541
5.03000 292.28906
5.04000 295.26226
5.05000 298.26528
5.06000 301.29843
5.07000 304.36201
5.08000 307.45633
5.09000 310.58170
5.10000 313.73842
5.11000 316.92680
5.12000 320.14717
5.13000 323.39984
5.14000 326.68514
5.15000 330.00339
5.16000 333.35492
5.17000 336.74007
5.18000 340.15917
5.19000 343.61256
5.20000 347.10059
5.21000 350.62360
5.22000 354.18193
5.23000 357.77595
5.24000 361.40601
5.25000 365.07247
5.26000 368.77570
5.27000 372.51605
5.28000 376.29391
5.29000 380.10965
5.30000 383.96365
5.31000 387.85629
5.32000 391.78795
5.33000 395.75903
5.34000 399.76992
5.35000 403.82102
5.36000 407.91273
5.37000 412.04545
5.38000 416.21961
5.39000 420.43560
5.40000 424.69386
5.41000 428.99480
5.42000 433.33885
5.43000 437.72644
5.44000 442.15800
5.45000 446.63398
5.46000 451.15482
5.47000 455.72097
5.48000 460.33288
5.49000 464.99101
5.50000 469.69582
5.51000 474.44778
5.52000 479.24735
5.53000 484.09503
5.54000 488.99128
5.55000 493.93659
5.56000 498.93146
5.57000 503.97637
5.58000 509.07183
5.59000 514.21835
5.60000 519.41644
5.61000 524.66660
5.62000 529.96937
5.63000 535.32526
5.64000 540.73481
5.65000 546.19856
5.66000 551.71705
5.67000 557.29082
5.68000 562.92042
5.69000 568.60643
5.70000 574.34939
5.71000 580.14989
5.72000 586.00849
5.73000 591.92577
5.74000 597.90233
5.75000 603.93875
5.76000 610.03564
5.77000 616.19360
5.78000 622.41323
5.79000 628.69516
5.80000 635.04002
5.81000 641.44842
5.82000 647.92100
5.83000 654.45841
5.84000 661.06129
5.85000 667.73031
5.86000 674.46611
5.87000 681.26937
5.88000 688.14076
5.89000 695.08097
5.90000 702.09068
5.91000 709.17059
5.92000 716.32139
5.93000 723.54381
5.94000 730.83855
5.95000 738.20633
5.96000 745.64790
5.97000 753.16397
5.98000 760.75531
5.99000 768.42267
6.00000 776.16679
6.01000 783.98846
6.02000 791.88845
6.03000 799.86753
6.04000 807.92651
6.05000 816.06617
6.06000 824.28733
6.07000 832.59081
6.08000 840.97741
6.09000 849.44799
6.10000 858.00337
6.11000 866.64440
6.12000 875.37195
6.13000 884.18687
6.14000 893.09003
6.15000 902.08233
6.16000 911.16466
6.17000 920.33790
6.18000 929.60298
6.19000 938.96081
6.20000 948.41232
6.21000 957.95844
6.22000 967.60013
6.23000 977.33833
6.24000 987.17401
6.25000 997.10815
6.26000 1007.14174
6.27000 1017.27575
6.28000 1027.51121
6.29000 1037.84912
6.30000 1048.29051
6.31000 1058.83642
6.32000 1069.48788
6.33000 1080.24596
6.34000 1091.11172
6.35000 1102.08624
6.36000 1113.17060
6.37000 1124.36591
6.38000 1135.67327
6.39000 1147.09380
6.40000 1158.62864
6.41000 1170.27892
6.42000 1182.04581
6.43000 1193.93047
6.44000 1205.93408
6.45000 1218.05782
6.46000 1230.30289
6.47000 1242.67052
6.48000 1255.16193
6.49000 1267.77835
6.50000 1280.52103
6.51000 1293.39124
6.52000 1306.39025
6.53000 1319.51936
6.54000 1332.77985
6.55000 1346.17305
6.56000 1359.70028
6.57000 1373.36288
6.58000 1387.16221
6.59000 1401.09963
6.60000 1415.17653
6.61000 1429.39429
6.62000 1443.75434
6.63000 1458.25808
6.64000 1472.90696
6.65000 1487.70243
6.66000 1502.64596
6.67000 1517.73901
6.68000 1532.98311
6.69000 1548.37974
6.70000 1563.93043
6.71000 1579.63674
6.72000 1595.50021
6.73000 1611.52241
6.74000 1627.70493
6.75000 1644.04938
6.76000 1660.55737
6.77000 1677.23055
6.78000 1694.07055
6.79000 1711.07906
6.80000 1728.25775
6.81000 1745.60833
6.82000 1763.13251
6.83000 1780.83204
6.84000 1798.70866
6.85000 1816.76414
6.86000 1835.00028
6.87000 1853.41889
6.88000 1872.02178
6.89000 1890.81079
6.90000 1909.78780
6.91000 1928.95468
6.92000 1948.31333
6.93000 1967.86566
6.94000 1987.61362
6.95000 2007.55915
6.96000 2027.70424
6.97000 2048.05089
6.98000 2068.60110
6.99000 2089.35691
7.00000 2110.32038
7.01000 2131.49358
7.02000 2152.87861
7.03000 2174.47760
7.04000 2196.29268
7.05000 2218.32600
7.06000 2240.57976
7.07000 2263.05616
7.08000 2285.75742
7.09000 2308.68580
7.10000 2331.84356
7.11000 2355.23299
7.12000 2378.85642
7.13000 2402.71618
7.14000 2426.81465
7.15000 2451.15419
7.16000 2475.73724
7.17000 2500.56621
7.18000 2525.64357
7.19000 2550.97181
7.20000 2576.55342
7.21000 2602.39096
7.22000 2628.48697
7.23000 2654.84404
7.24000 2681.46478
7.25000 2708.35182
7.26000 2735.50784
7.27000 2762.93552
7.28000 2790.63758
7.29000 2818.61675
7.30000 2846.87582
7.31000 2875.41758
7.32000 2904.24485
7.33000 2933.36050
7.34000 2962.76741
7.35000 2992.46848
7.36000 3022.46667
7.37000 3052.76493
7.38000 3083.36628
7.39000 3114.27375
7.40000 3145.49038
7.41000 3177.01929
7.42000 3208.86358
7.43000 3241.02642
7.44000 3273.51098
7.45000 3306.32049
7.46000 3339.45819
7.47000 3372.92738
7.48000 3406.73135
7.49000 3440.87346
7.50000 3475.35710
7.51000 3510.18567
7.52000 3545.36263
7.53000 3580.89145
7.54000 3616.77567
7.55000 3653.01882
7.56000 3689.62451
7.57000 3726.59636
7.58000 3763.93802
7.59000 3801.65320
7.60000 3839.74563
7.61000 3878.21909
7.62000 3917.07738
7.63000 3956.32435
7.64000 3995.96390
7.65000 4035.99994
7.66000 4076.43643
7.67000 4117.27740
7.68000 4158.52687
7.69000 4200.18894
7.70000 4242.26773
7.71000 4284.76741
7.72000 4327.69218
7.73000 4371.04630
7.74000 4414.83407
7.75000 4459.05981
7.76000 4503.72791
7.77000 4548.84279
7.78000 4594.40891
7.79000 4640.43080
7.80000 4686.91301
7.81000 4733.86014
7.82000 4781.27684
7.83000 4829.16781
7.84000 4877.53779
7.85000 4926.39157
7.86000 4975.73398
7.87000 5025.56992
7.88000 5075.90432
7.89000 5126.74216
7.90000 5178.08849
7.91000 5229.94837
7.92000 5282.32695
7.93000 5335.22942
7.94000 5388.66102
7.95000 5442.62703
7.96000 5497.13280
7.97000 5552.18373
7.98000 5607.78526
7.99000 5663.94292
8.00000 5720.66225
8.01000 5777.94887
8.02000 5835.80846
8.03000 5894.24674
8.04000 5953.26951
8.05000 6012.88260
8.06000 6073.09193
8.07000 6133.90345
8.08000 6195.32318
8.09000 6257.35722
8.10000 6320.01169
8.11000 6383.29280
8.12000 6447.20683
8.13000 6511.76010
8.14000 6576.95900
8.15000 6642.80999
8.16000 6709.31959
8.17000 6776.49439
8.18000 6844.34103
8.19000 6912.86624
8.20000 6982.07680
8.21000 7051.97957
8.22000 7122.58147
8.23000 7193.88948
8.24000 7265.91068
8.25000 7338.65218
8.26000 7412.12121
8.27000 7486.32502
8.28000 7561.27097
8.29000 7636.96648
8.30000 7713.41904
8.31000 7790.63623
8.32000 7868.62570
8.33000 7947.39515
8.34000 8026.95240
8.35000 8107.30533
8.36000 8188.46188
8.37000 8270.43010
8.38000 8353.21810
8.39000 8436.83408
8.40000 8521.28632
8.41000 8606.58319
8.42000 8692.73312
8.43000 8779.74465
8.44000 8867.62640
8.45000 8956.38706
8.46000 9046.03543
8.47000 9136.58039
8.48000 9228.03089
8.49000 9320.39600
8.50000 9413.68486
8.51000 9507.90671
8.52000 9603.07087
8.53000 9699.18678
8.54000 9796.26395
8.55000 9894.31199
8.56000 9993.34061
8.57000 10093.35962
8.58000 10194.37891
8.59000 10296.40850
8.60000 10399.45849
8.61000 10503.53907
8.62000 10608.66056
8.63000 10714.83337
8.64000 10822.06800
8.65000 10930.37508
8.66000 11039.76533
8.67000 11150.24958
8.68000 11261.83878
8.69000 11374.54397
8.70000 11488.37631
8.71000 11603.34707
8.72000 11719.46764
8.73000 11836.74952
8.74000 11955.20431
8.75000 12074.84376
8.76000 12195.67969
8.77000 12317.72409
8.78000 12440.98903
8.79000 12565.48672
8.80000 12691.22949
8.81000 12818.22978
8.82000 12946.50018
8.83000 13076.05338
8.84000 13206.90222
8.85000 13339.05964
8.86000 13472.53874
8.87000 13607.35272
8.88000 13743.51495
8.89000 13881.03890
8.90000 14019.93819
8.91000 14160.22657
8.92000 14301.91794
8.93000 14445.02632
8.94000 14589.56588
8.95000 14735.55094
8.96000 14882.99595
8.97000 15031.91551
8.98000 15182.32436
8.99000 15334.23741
9.00000 15487.66968
9.01000 15642.63638
9.02000 15799.15284
9.03000 15957.23457
9.04000 16116.89722
9.05000 16278.15659
9.06000 16441.02865
9.07000 16605.52954
9.08000 16771.67554
9.09000 16939.48309
9.10000 17108.96882
9.11000 17280.14951
9.12000 17453.04210
9.13000 17627.66373
9.14000 17804.03166
9.15000 17982.16338
9.16000 18162.07651
9.17000 18343.78888
9.18000 18527.31847
9.19000 18712.68345
9.20000 18899.90219
9.21000 19088.99321
9.22000 19279.97524
9.23000 19472.86719
9.24000 19667.68816
9.25000 19864.45745
9.26000 20063.19452
9.27000 20263.91907
9.28000 20466.65096
9.29000 20671.41027
9.30000 20878.21727
9.31000 21087.09244
9.32000 21298.05647
9.33000 21511.13023
9.34000 21726.33483
9.35000 21943.69158
9.36000 22163.22200
9.37000 22384.94782
9.38000 22608.89100
9.39000 22835.07371
9.40000 23063.51834
9.41000 23294.24753
9.42000 23527.28410
9.43000 23762.65114
9.44000 24000.37195
9.45000 24240.47007
9.46000 24482.96927
9.47000 24727.89357
9.48000 24975.26720
9.49000 25225.11467
9.50000 25477.46072
9.51000 25732.33033
9.52000 25989.74873
9.53000 26249.74142
9.54000 26512.33413
9.55000 26777.55287
9.56000 27045.42390
9.57000 27315.97374
9.58000 27589.22918
9.59000 27865.21727
9.60000 28143.96534
9.61000 28425.50100
9.62000 28709.85211
9.63000 28997.04683
9.64000 29287.11360
9.65000 29580.08113
9.66000 29875.97844
9.67000 30174.83483
9.68000 30476.67988
9.69000 30781.54348
9.70000 31089.45581
9.71000 31400.44737
9.72000 31714.54894
9.73000 32031.79163
9.74000 32352.20685
9.75000 32675.82632
9.76000 33002.68208
9.77000 33332.80650
9.78000 33666.23227
9.79000 34002.99239
9.80000 34343.12021
9.81000 34686.64941
9.82000 35033.61401
9.83000 35384.04835
9.84000 35737.98713
9.85000 36095.46540
9.86000 36456.51856
9.87000 36821.18234
9.88000 37189.49287
9.89000 37561.48659
9.90000 37937.20036
9.91000 38316.67136
9.92000 38699.93718
9.93000 39087.03575
9.94000 39478.00541
9.95000 39872.88486
9.96000 40271.71321
9.97000 40674.52994
9.98000 41081.37494
9.99000 41492.28849
